0
100010000111110101011011010001000
100000000000000000000001100100010
0
100110000010110101100011010001000
100100000000000000000000000001111
0
101010000111110101010011010001000
101000000000000000000001100100010
0
101110000010110101100011010001000
101100000000000000000001110000000
0
110010000111110101010011010001000
110000000000000000001000100100010
0
110110000001110101100011010001000
110100000000000000000000000001111
1
100010000111110101011011010001000
100000000000000000001001111000010
1
100110000111110101110011010001000
100100000000000000001000001000000
1
101010000111110101100011010001000
101000000000000000000000000001111
1
101110000111110110100011010001000
101100000000000000000001000100000
1
110010000110101101100011010001000
110000000000000000001000000100010
1
110110000001110101100011010001000
110100000000000000000000000001111
2
100010000111110011101001010001000
100000000000000000000001000100000
2
100110000110110101100101010001000
100100000000000000000010110000000
2
101010000111111101100011010001000
101000000000000000000000000001111
2
101110000111110101100011010001000
101100000000000000000000000001111
2
110010000111101101110011010001000
110000000000000000001000001000000
2
110110000111001101100011010001000
110100000000000000000000000001111
3
100010000111110101011011010001000
100000000000000000000010111000010
3
100110000111111110100011010001000
100100000000000000000010110000000
3
101010000111111101100011010001000
101000000000000000000000000001111
3
101110000111110101100011010001000
101100000000000000001000010000000
3
110010000101110101100011010001000
110000000000000000000010010000010
3
110110000001111101100011010001000
110100000000000000000000000001111
4
100010000111110011100011010001000
100000000000000000000010110000010
4
100110000111110111100011010001000
100100000000000000000000000001111
4
101010000111001101100011010001000
101000000000000000000000110000010
4
101110000111110101100101010001000
101100000000000000000010110000000
4
110010000111111101100011010001000
110000000000000000000000110000010
4
110110000111001101100011010001000
110100000000000000000000000001111
5
100010000111110011100011010001000
100000000000000000000000000001111
5
100110000111000101100011010001000
100100000000000000000000000001111
5
101010000111110000100011010001000
101000000000000000000000000001111
5
101110000111000000100011010001000
101100000000000000000000000001111
5
110010000111000000100011010001000
110000000000000000000000000001111
5
110110000111001101100011010001000
110100000000000000000000000001111
